10001,Employee 1,21,50000,1
10002,Employee 2,22,60000,2
10003,Employee 3,23,70000,3
10004,Employee 4,24,80000,4
10005,Employee 5,25,90000,5
10006,Employee 6,26,100000,6
10007,Employee 7,27,110000,7
10008,Employee 8,28,120000,8
10009,Employee 9,21,50000,1
10010,Employee 10,22,60000,2
10011,Employee 11,23,70000,3
10012,Employee 12,24,80000,4
10013,Employee 13,25,90000,5
10014,Employee 14,26,100000,6
10015,Employee 15,27,110000,7
10016,Employee 16,28,120000,8
10017,Employee 17,21,50000,1
10018,Employee 18,22,60000,2
10019,Employee 19,23,70000,3
10020,Employee 20,24,80000,4
10021,Employee 21,25,90000,5
10022,Employee 22,26,100000,6
10023,Employee 23,27,110000,7
10024,Employee 24,28,120000,8